ZZ ZT RHO THBAR PBAR PIBAR QVBAR Q1 Q2 RHOZ
 ============================================
    0   100 1.140207 301.742370 99628.077599 0.999345 0.022750 0 0 1.140207
  200   300 1.130566 302.007957 97411.342544 0.992847 0.021912 0 0 1.120925
  400   500 1.111162 302.706276 95231.300122 0.986350 0.019359 0 0 1.101400
  600   700 1.091553 303.517030 93089.772581 0.979515 0.017441 0 0 1.081707
  800   900 1.072025 304.320470 90987.348973 0.973781 0.016116 0 0 1.062344
 1000  1100 1.052604 305.205467 88923.102072 0.967288 0.014581 0 0 1.042865
 1200  1300 1.033122 306.179814 86897.066159 0.961014 0.012904 0 0 1.023379
 1400  1500 1.013596 307.203625 84909.370875 0.954250 0.011554 0 0 1.003812
 1600  1700 0.994143 308.398166 82960.133392 0.948042 0.009845 0 0 0.984474
 1800  1900 0.974925 309.448126 81048.873757 0.941750 0.008718 0 0 0.965375
 2000  2100 0.956078 310.403298 79174.356967 0.935312 0.007814 0 0 0.946781
 2200  2300 0.937717 311.295234 77335.334576 0.929296 0.006926 0 0 0.928652
 2400  2500 0.919801 312.146486 75530.696512 0.922980 0.006100 0 0 0.910951
 2600  2700 0.902315 313.031643 73762.643091 0.916804 0.005427 0 0 0.893679
 2800  2900 0.884727 313.923838 72028.078669 0.910310 0.005006 0 0 0.875775
 3000  3100 0.867455 314.786171 70326.081498 0.904685 0.005031 0 0 0.859134
 3200  3300 0.850569 315.554859 68659.145087 0.898201 0.004915 0 0 0.842003
 3400  3500 0.834051 316.285291 67023.534287 0.891839 0.004773 0 0 0.826098
 3600  3700 0.817866 316.992270 65418.974340 0.885594 0.004679 0 0 0.809634
 3800  3900 0.801899 317.762633 63846.758061 0.879466 0.004357 0 0 0.794164
 4000  4100 0.786183 318.566829 62303.608878 0.873437 0.003970 0 0 0.778203
 4200  4300 0.770747 319.412084 60792.794995 0.867517 0.003641 0 0 0.763292
 4400  4500 0.755590 320.277292 59310.478649 0.861687 0.003306 0 0 0.747889
 4600  4700 0.740503 321.162122 57858.886705 0.854952 0.002971 0 0 0.733117
 4800  4900 0.725687 322.061862 56436.402857 0.849303 0.002730 0 0 0.718258
 5000  5100 0.710797 322.970097 55041.492351 0.842734 0.002525 0 0 0.703336
 5200  5300 0.696265 323.863452 53677.504189 0.837253 0.002261 0 0 0.689195
 5400  5500 0.682150 324.745623 52339.393674 0.831052 0.001987 0 0 0.675105
 5600  5700 0.668372 325.585581 51028.710388 0.825381 0.001700 0 0 0.661639
 5800  5900 0.654623 326.417038 49746.211038 0.819243 0.001431 0 0 0.647606
 6000  6100 0.641108 327.235030 48488.499054 0.813305 0.001237 0 0 0.634610
 6200  6300 0.628191 328.039338 47255.667625 0.806909 0.001067 0 0 0.621772
 6400  6500 0.615439 328.781547 46050.836734 0.801554 0.000968 0 0 0.609107
 6600  6700 0.602847 329.513151 44869.651727 0.795294 0.000880 0 0 0.596587
 6800  6900 0.590398 330.213136 43711.798053 0.789104 0.000813 0 0 0.584208
 7000  7100 0.578087 330.907812 42577.029385 0.783983 0.000752 0 0 0.571966
 7200  7300 0.566027 331.545838 41468.208953 0.777937 0.000662 0 0 0.560087
 7400  7500 0.554500 332.179020 40381.542794 0.771956 0.000573 0 0 0.548912
 7600  7700 0.542993 332.771501 39316.717775 0.766037 0.000507 0 0 0.537074
 7800  7900 0.531597 333.334195 38273.374540 0.760178 0.000457 0 0 0.526121
 8000  8100 0.520901 333.874122 37251.205064 0.754378 0.000411 0 0 0.515681
 8200  8300 0.510016 334.357611 36251.004412 0.748639 0.000373 0 0 0.504350
 8400  8500 0.499238 334.832042 35272.305231 0.742750 0.000336 0 0 0.494125
 8600  8700 0.489061 335.256123 34313.601943 0.736332 0.000306 0 0 0.483997
 8800  8900 0.478980 335.646330 33374.532503 0.730757 0.000279 0 0 0.473963
 9000  9100 0.468993 336.018000 32454.797245 0.725234 0.000255 0 0 0.464022
 9200  9300 0.459096 336.345603 31554.080388 0.719114 0.000235 0 0 0.454170
 9400  9500 0.449655 336.658449 30672.074903 0.713337 0.000217 0 0 0.445139
 9600  9700 0.440434 336.963835 29808.522178 0.707960 0.000198 0 0 0.435729
 9800  9900 0.430931 337.254852 28963.158546 0.701756 0.000180 0 0 0.426134
10000 10100 0.421843 337.545956 28135.737944 0.696345 0.000163 0 0 0.417552
10200 10300 0.412870 337.838186 27326.028280 0.690125 0.000145 0 0 0.408188
10400 10500 0.404010 338.130289 26534.083521 0.684889 0.000126 0 0 0.399833
10600 10700 0.395219 338.424381 25759.583014 0.678703 0.000107 0 0 0.390605
10800 10900 0.386478 338.721047 25001.951789 0.672639 0.000089 0 0 0.382351
11000 11100 0.377828 339.003486 24260.938594 0.667479 0.000079 0 0 0.373305
11200 11300 0.369278 339.287813 23536.290000 0.661438 0.000068 0 0 0.365250
11400 11500 0.361253 339.573890 22827.776479 0.655442 0.000058 0 0 0.357256
11600 11700 0.353288 339.860701 22135.156651 0.649576 0.000049 0 0 0.349321
11800 11900 0.345383 340.147485 21458.183188 0.644583 0.000042 0 0 0.341444
12000 12100 0.337535 340.436109 20796.621077 0.638719 0.000035 0 0 0.333625
12200 12300 0.329743 340.731738 20150.233821 0.632896 0.000027 0 0 0.325861
12400 12500 0.322007 341.217341 19519.270853 0.627115 0.000023 0 0 0.318153
12600 12700 0.314327 341.769813 18903.779678 0.621375 0.000021 0 0 0.310500
12800 12900 0.306700 342.328791 18303.271737 0.615674 0.000018 0 0 0.302899
13000 13100 0.299125 342.892918 17717.472529 0.610013 0.000015 0 0 0.295350
13200 13300 0.291601 343.754161 17146.361413 0.604388 0.000013 0 0 0.287851
13400 13500 0.284126 344.748608 16589.972542 0.598801 0.000012 0 0 0.280401
13600 13700 0.276701 345.772001 16048.110915 0.593250 0.000010 0 0 0.273000
13800 13900 0.269323 346.805658 15520.481133 0.587190 0.000008 0 0 0.265646
14000 14100 0.261992 348.107970 15006.975778 0.581253 0.000006 0 0 0.258338
14200 14300 0.254707 349.862655 14507.736386 0.575807 0.000006 0 0 0.251075
14400 14500 0.247332 351.906196 14022.879078 0.570393 0.000006 0 0 0.243589
14600 14700 0.239636 353.969237 13552.220584 0.565012 0.000006 0 0 0.235682
14800 14900 0.232144 356.051547 13095.368924 0.559663 0.000006 0 0 0.228607
15000 15100 0.225506 358.156465 12652.921514 0.554347 0.000006 0 0 0.222405
15200 15300 0.218913 360.842104 12224.891498 0.548243 0.000005 0 0 0.215420
15400 15500 0.211919 363.757701 11810.281759 0.542813 0.000004 0 0 0.208417
15600 15700 0.204936 366.743051 11408.781093 0.537590 0.000004 0 0 0.201454
15800 15900 0.198209 369.757020 11019.990307 0.532397 0.000003 0 0 0.194963
16000 16100 0.191950 372.800234 10643.496079 0.527232 0.000003 0 0 0.188937
16200 16300 0.185941 375.886361 10278.906138 0.522095 0.000002 0 0 0.182944
16400 16500 0.179964 379.063100  9925.861356 0.516986 0.000001 0 0 0.176983
16600 16700 0.174022 382.619494  9586.550212 0.511909 0.000001 0 0 0.171060
16800 16900 0.168114 386.209742  9258.329909 0.506858 0.000001 0 0 0.165168
17000 17100 0.162237 389.835204  8940.777188 0.501834 0.000001 0 0 0.159306
17200 17300 0.156571 393.495813  8633.522940 0.496835 0.000001 0 0 0.153835
17400 17500 0.151348 397.191476  8336.212675 0.491861 0.000001 0 0 0.148861
17600 17700 0.146386 400.922922  8048.506329 0.486912 0.000001 0 0 0.143912
17800 17900 0.141452 404.698440  7772.371214 0.481992 0.000001 0 0 0.138992
18000 18100 0.136545 408.468390  7505.301572 0.477097 0.000001 0 0 0.134097
18200 18300 0.131893 412.201971  7246.752179 0.472225 0.000001 0 0 0.129688
18400 18500 0.127532 415.924970  6996.409265 0.467377 0.000001 0 0 0.125377
18600 18700 0.123001 419.683325  6753.980225 0.462625 0.000001 0 0 0.120625
18800 18900 0.118625 423.484125  6520.734625 0.458625 0.000001 0 0 0.116625
19000 19100 0.114971 427.325979  6295.741483 0.453974 0.000001 0 0 0.113316
19200 19300 0.111500 431.204106  6077.807954 0.449220 0.000001 0 0 0.109683
19400 19500 0.107711 435.118720  5866.703016 0.444487 0.000001 0 0 0.105739
19600 19700 0.103869 438.877000  5671.677000 0.440000 0.000001 0 0 0.102000
19800 19900 0.102000 438.877000  5671.677000 0.440000 0.000001 0 0 0.102000